(0.0537513,0.0373526)	(1.06994,-0.00669928)	(0,0)	(0,0)
(0.0558644,0.0364152)	(1.07042,-0.0414808)	(0,0)	(0,0)
(0.0593215,0.0341458)	(1.06917,-0.0936653)	(0,0)	(0,0)
(0.0627509,0.0296714)	(1.06418,-0.161974)	(0,0)	(0,0)
(0.0645534,0.0263433)	(1.05703,-0.213912)	(0,0)	(0,0)
(0.0666999,0.0229684)	(1.04781,-0.26463)	(0,0)	(0,0)
(0.0678587,0.0193254)	(1.03559,-0.316684)	(0,0)	(0,0)
(0.0494757,0.0239415)	(0.534743,0.124786)	(0,0)	(0,0)
(0.0504771,0.0232213)	(0.541771,0.0986169)	(0,0)	(0,0)
(0.0516803,0.0225191)	(0.547228,0.0724989)	(0,0)	(0,0)
(0.0674265,0.00430816)	(0.96209,-0.51368)	(0,0)	(0,0)
(0.065637,-1.00462e-05)	(0.938063,-0.561811)	(0,0)	(0,0)
(0.0638573,-0.00321258)	(0.911802,-0.607064)	(0,0)	(0,0)
(0.0640031,-0.00917871)	(0.869816,-0.653911)	(0,0)	(0,0)
(0.0606689,-0.0120517)	(0.83836,-0.696599)	(0,0)	(0,0)
(0.0582241,-0.0108591)	(0.819575,-0.724744)	(0,0)	(0,0)
(0.0507914,-0.0105656)	(0.777445,-0.763198)	(0,0)	(0,0)
(0.0461231,-0.0120523)	(0.728549,-0.814135)	(0,0)	(0,0)
(0.0420952,-0.0142308)	(0.690064,-0.851385)	(0,0)	(0,0)
(0.0388483,-0.0122134)	(0.645435,-0.885089)	(0,0)	(0,0)
(0.0343845,-0.0142557)	(0.60355,-0.920023)	(0,0)	(0,0)
(0.0300167,-0.014022)	(0.559639,-0.947808)	(0,0)	(0,0)
(0.0264079,-0.0129918)	(0.513523,-0.975677)	(0,0)	(0,0)
(0.0244772,-0.0124285)	(0.481163,-1.00274)	(0,0)	(0,0)
(0.0211156,-0.0103594)	(0.432423,-1.02592)	(0,0)	(0,0)
(0.018868,-0.00861409)	(0.398514,-1.04031)	(0,0)	(0,0)
(0.0146592,-0.00422902)	(0.331365,-1.06573)	(0,0)	(0,0)
(0.0297255,0.00834572)	(0.538595,-0.793212)	(0,0)	(0,0)
(0.0288329,0.00982158)	(0.499889,-0.819559)	(0,0)	(0,0)
(0.00807191,0.00759128)	(0.172634,-1.10937)	(0,0)	(0,0)
(0.00672721,0.0117296)	(0.119535,-1.117)	(0,0)	(0,0)
(0.00557048,0.0163102)	(0.0641983,-1.12339)	(0,0)	(0,0)
(0.00558158,0.0209268)	(0.0091832,-1.12805)	(0,0)	(0,0)
(0.0059524,0.0260896)	(-0.0445939,-1.12845)	(0,0)	(0,0)
(0.00669363,0.0308124)	(-0.101261,-1.12558)	(0,0)	(0,0)
(0.00857415,0.035721)	(-0.15689,-1.12158)	(0,0)	(0,0)
(0.0108117,0.0402583)	(-0.213139,-1.11289)	(0,0)	(0,0)
(0.0136668,0.0446296)	(-0.267466,-1.10317)	(0,0)	(0,0)
(0.0171055,0.0486678)	(-0.321264,-1.08984)	(0,0)	(0,0)
(0.0201133,0.0499111)	(-0.3797,-1.06506)	(0,0)	(0,0)
(0.0331385,0.0321657)	(-0.0575384,-0.981951)	(0,0)	(0,0)
(0.0317181,0.059044)	(-0.484681,-1.02569)	(0,0)	(0,0)
(0.0336687,0.0395591)	(-0.225363,-0.979511)	(0,0)	(0,0)
(0.038566,0.0602553)	(-0.583521,-0.977395)	(0,0)	(0,0)
(0.0435838,0.0612437)	(-0.631839,-0.949424)	(0,0)	(0,0)
(0.042764,0.0442128)	(-0.37041,-0.939834)	(0,0)	(0,0)
(0.0573741,0.0667077)	(-0.732026,-0.880418)	(0,0)	(0,0)
(0.0636933,0.0659002)	(-0.777301,-0.843292)	(0,0)	(0,0)
(0.0693242,0.0643972)	(-0.819145,-0.804923)	(0,0)	(0,0)
(0.0744654,0.0623685)	(-0.858222,-0.764426)	(0,0)	(0,0)
(0.0594925,0.0461796)	(-0.603059,-0.838539)	(0,0)	(0,0)
(0.0824059,0.0562689)	(-0.930126,-0.693769)	(0,0)	(0,0)
(0.0867375,0.0521972)	(-0.964569,-0.646555)	(0,0)	(0,0)
(0.0907948,0.0484336)	(-0.996942,-0.598701)	(0,0)	(0,0)
(0.0942198,0.0434504)	(-1.0269,-0.549568)	(0,0)	(0,0)
(0.0958037,0.0395026)	(-1.04505,-0.514958)	(0,0)	(0,0)
(0.0993051,0.0326982)	(-1.07876,-0.445076)	(0,0)	(0,0)
(0.100248,0.0274315)	(-1.0999,-0.391127)	(0,0)	(0,0)
(0.10134,0.0218023)	(-1.11908,-0.3367)	(0,0)	(0,0)
(0.101213,0.0153908)	(-1.13494,-0.280911)	(0,0)	(0,0)
(0.100245,0.00986143)	(-1.14745,-0.223553)	(0,0)	(0,0)
(0.0789806,0.0169169)	(-0.946532,-0.412223)	(0,0)	(0,0)
(0.0712921,0.0168955)	(-0.902569,-0.431169)	(0,0)	(0,0)
(0.0945781,-0.00632977)	(-1.1712,-0.0504028)	(0,0)	(0,0)
(0.092067,-0.0102675)	(-1.17185,0.00726297)	(0,0)	(0,0)
(0.0830237,-0.0176117)	(-1.15939,0.0731391)	(0,0)	(0,0)
(0.0816086,-0.0211729)	(-1.15391,0.133845)	(0,0)	(0,0)
(0.0767746,-0.0243899)	(-1.14637,0.190559)	(0,0)	(0,0)
(0.0677946,-0.00552071)	(-1.02119,-0.0574296)	(0,0)	(0,0)
(0.0671267,-0.0294678)	(-1.12027,0.303511)	(0,0)	(0,0)
(0.0618251,-0.0318284)	(-1.10341,0.359183)	(0,0)	(0,0)
(0.0591141,0.00181924)	(-0.996401,0.00685328)	(0,0)	(0,0)
(0.0500161,-0.0290344)	(-1.06708,0.469121)	(0,0)	(0,0)
(0.0459974,-0.0292133)	(-1.043,0.525427)	(0,0)	(0,0)
(0.0406294,-0.0281502)	(-1.01705,0.575094)	(0,0)	(0,0)
(0.0351219,-0.0259775)	(-0.987563,0.625948)	(0,0)	(0,0)
(0.0302785,-0.0231263)	(-0.956065,0.674726)	(0,0)	(0,0)
(0.0421667,-0.00235768)	(-0.962372,0.372944)	(0,0)	(0,0)
(0.0199641,-0.0142541)	(-0.905004,0.758722)	(0,0)	(0,0)
(0.0163524,-0.00962829)	(-0.866861,0.80236)	(0,0)	(0,0)
(0.0129439,-0.00444846)	(-0.827101,0.845105)	(0,0)	(0,0)
(0.0407971,0.00750717)	(-0.896752,0.47833)	(0,0)	(0,0)
(0.0084965,0.00575704)	(-0.740031,0.925471)	(0,0)	(0,0)
(0.00734897,0.0117728)	(-0.694688,0.961893)	(0,0)	(0,0)
(0.00679557,0.0177481)	(-0.646817,0.994561)	(0,0)	(0,0)
(0.0072357,0.0237233)	(-0.59661,1.02679)	(0,0)	(0,0)
(0.00790407,0.0295202)	(-0.545087,1.05684)	(0,0)	(0,0)
(0.0354169,0.0184738)	(-0.718691,0.74299)	(0,0)	(0,0)
(0.0120405,0.0417417)	(-0.438141,1.10759)	(0,0)	(0,0)
(0.0149424,0.0470354)	(-0.38236,1.12875)	(0,0)	(0,0)
(0.0351852,0.0245997)	(-0.586814,0.841101)	(0,0)	(0,0)
(0.0206105,0.0550424)	(-0.253939,1.15313)	(0,0)	(0,0)
(0.0268119,0.062237)	(-0.201159,1.16596)	(0,0)	(0,0)
(0.0322881,0.0654981)	(-0.143025,1.17477)	(0,0)	(0,0)
(0.0426379,0.0323924)	(-0.412319,0.923674)	(0,0)	(0,0)
(0.0414084,0.0669174)	(-0.0169875,1.18151)	(0,0)	(0,0)
(0.0458908,0.0378426)	(-0.312947,0.978708)	(0,0)	(0,0)
(0.0538085,0.0672377)	(0.107622,1.17831)	(0,0)	(0,0)
(0.0448494,0.0645306)	(0.179331,1.1561)	(0,0)	(0,0)
(-0.181251,0.382762)	(0.138746,0.866625)	(0,0)	(0,0)
(0.0390689,0.0706957)	(0.305658,1.11806)	(0,0)	(0,0)
